0.0 94.0
500.0 101.75343016637501
1000.0 109.506899209021
1500.0 117.260451388354
2000.0 125.01414121866699
2500.0 132.768037569417
3000.0 140.522225264958
3500.0 148.276800120208
4000.0 156.03184700954202
4500.0 163.78737424775
5000.0 171.543135276063
5500.0 179.298158525583
6000.0 187.049519806812
6500.0 194.789153765062
7000.0 202.495664541167
7500.0 210.113964225
8000.0 217.509072571
8500.0 224.38606607087502
9000.0 230.25320920925
9500.0 234.677189121521
10000.0 237.742550855771
10500.0 239.951054978187
11000.0 241.745750196333
11500.0 243.35804634743698
12000.0 244.87898720516702
12500.0 246.333953078417
13000.0 247.720987115917
13500.0 249.027661889271
14000.0 250.23897616991698
14500.0 251.34175877372897
15000.0 252.32731743837502
15500.0 253.19270129470797
16000.0 253.94067389466701
16500.0 254.57818213975
17000.0 255.1152682385
17500.0 255.563448535042
18000.0 255.93437304041697
18500.0 256.239371299729
19000.0 256.48849091425
19500.0 256.690704439729
20000.0 256.853377226708
20500.0 256.982677562729
21000.0 257.08344709425
21500.0 257.159588546792
22000.0 257.214342164375
22500.0 257.250556232292
23000.0 257.270934946833
23500.0 257.27806671843797
24000.0 257.27432513889596
24500.0 257.261916037208
25000.0 257.242662452979
25500.0 257.218139474667
26000.0 257.189569838188
26500.0 257.157951786875
27000.0 257.124101252562
27500.0 257.0886829645
28000.0 257.052285918708
28500.0 257.01538747718797
29000.0 256.978424458083
29500.0 256.941751213021
30000.0 256.905699740646
30500.0 256.870539496312
31000.0 256.836511325313
31500.0 256.803794219833
32000.0 256.772529758063
32500.0 256.742812831354
33000.0 256.71472013670797
33500.0 256.688304275417
34000.0 256.663592913458
34500.0 256.640584878312
35000.0 256.619243579667
35500.0 256.5995184865
36000.0 256.581354878292
36500.0 256.564709084812
37000.0 256.54954372125
37500.0 256.535817123479
38000.0 256.52347793247895
38500.0 256.512444449333
39000.0 256.502644150563
39500.0 256.493983272042
40000.0 256.486412698563
40500.0 256.479878745667
41000.0 256.474356245458
41500.0 256.469803051188
42000.0 256.466157279646
42500.0 256.463320739958
43000.0 256.461166139292
43500.0 256.459543314458
44000.0 256.458313456229
44500.0 256.457353431646
45000.0 256.456572434375
45500.0 256.455910767104
46000.0 256.455318426583
46500.0 256.454770502521
47000.0 256.454238618896
47500.0 256.453716170292
48000.0 256.453201671958
48500.0 256.452711307604
49000.0 256.452273344146
49500.0 256.45192271037496
50000.0 256.451700480417
50500.0 256.45163148131303
51000.0 256.451724935625
51500.0 256.4519458025
52000.0 256.45223073854197
52500.0 256.452475202792
53000.0 256.45257648485403
53500.0 256.452437334417
54000.0 256.452007998458
54500.0 256.451283547062
55000.0 256.450299024542
55500.0 256.449121621313
56000.0 256.447806719687
56500.0 256.446413146542
57000.0 256.444972022458
57500.0 256.443510162354
58000.0 256.44204022189604
58500.0 256.4405618445
59000.0 256.439062524667
59500.0 256.437513460667
60000.0 256.435887366396
60500.0 256.434150797187
61000.0 256.432288787542
61500.0 256.430284554146
62000.0 256.42813628927104
62500.0 256.425844085396
63000.0 256.423411064792
63500.0 256.420854070292
64000.0 256.418183428792
64500.0 256.415432395583
65000.0 256.412618217354
65500.0 256.409776300729
66000.0 256.40692475925
66500.0 256.404082651375
67000.0 256.401263392417
67500.0 256.398459545417
68000.0 256.3956768295
68500.0 256.392890782521
69000.0 256.39011171737496
69500.0 256.38732987675
70000.0 256.384578129479
70500.0 256.381882755125
71000.0 256.379293116208
71500.0 256.376856969042
72000.0 256.374615444521
72500.0 256.372610317542
73000.0 256.3708610665
73500.0 256.369390224187
74000.0 256.368188355875
74500.0 256.36724146077097
75000.0 256.366483739854
75500.0 256.365832126167
76000.0 256.365154709646
76500.0 256.364312343542
77000.0 256.363168618771
77500.0 256.361594492729
78000.0 256.359490321437
78500.0 256.35674938849996
79000.0 256.353278401729
79500.0 256.348977953896
80000.0 256.343754569875
80500.0 256.337523114104
81000.0 256.330186881125
81500.0 256.321659546396
82000.0 256.31182587474996
82500.0 256.300585197458
83000.0 256.287818874583
83500.0 256.273429467396
84000.0 256.257340593
84500.0 256.239495558688
85000.0 256.21985768775
85500.0 256.198367200917
86000.0 256.174947747229
86500.0 256.149511409667
87000.0 256.121996989354
87500.0 256.092382377458
88000.0 256.06072480618695
88500.0 256.027168555083
89000.0 255.99206734983298
89500.0 255.955970815271
90000.0 255.919781034479
90500.0 255.88465302810397
91000.0 255.852046229917
91500.0 255.823725624729
92000.0 255.801663079063
92500.0 255.788317939333
93000.0 255.786602910229
93500.0 255.80051035258302
94000.0 255.8358524415
94500.0 255.90053339618697
95000.0 256.005354920479
95500.0 256.163909279667
96000.0 256.393515803854
96500.0 256.716325070146
97000.0 257.160659586958
97500.0 257.761599254437
98000.0 258.558738365063
98500.0 259.58798744325003
99000.0 260.86502392849997
99500.0 262.363376400333
100000.0 264.0
